> -L"fault1"
118.645926006	35.1893340809
118.834050919	35.2824059941
119.429088953	35.8145375123
119.606775969	35.9371374565
119.703834466	35.9762512275
119.99124027	36.0985982881
120.273245416	36.3039955234
120.530270037	36.5648927579
120.91483983	36.9909035941
121.112774213	37.2048601336
121.447925262	37.4557492819
> -L"fault4"
118.695785907	32.2692990764
118.381358631	32.0978636509
117.891598396	31.750393055
117.207469569	31.2133916465
116.89428992	30.9488051891
116.499715326	30.4849380957
116.348269317	30.3405508061
115.872861854	30.0122280602
> -L"fault5-1"
117.169328598	31.199984617
116.922180662	31.1533049357
116.647923222	31.1581254792
116.500761022	31.1875517989
116.291027813	31.2829086333
116.072633986	31.4501691249
115.592182394	31.496396585
115.271649566	31.583974593
115.150825323	31.6457298894
115.027575965	31.6877778833
114.743494074	31.7166896284
114.457641392	31.8173228709
114.395666422	31.8331989414
114.212017954	31.8617525825
114.037371026	31.9118870785
113.926225999	31.930649935
113.83181822	32.0147138406
113.627213626	32.233245937
113.392388515	32.367246262
113.035966567	32.5277342382
112.719186289	32.7424002394
112.221639946	33.0192092214
112.096123042	33.1308873603
111.932533898	33.2239271933
111.807708206	33.2497227447
111.554850821	33.3537414436
111.16961712	33.4561338056
110.745117554	33.565338754
110.267188781	33.693188207
110.142902656	33.7131693072
109.984924651	33.7622580832
109.749422413	33.8300257775
109.347838359	33.8510310766
109.037930677	33.8221700725
108.774671522	33.7639391017
108.453453948	33.8116804797
108.245758871	33.8259513361
107.871707248	33.8040277997
107.63342616	33.8032836336
107.395998279	33.8756815933
107.021275816	34.0026463788
106.397224883	33.9493542236
> -L"fault6-1"
115.441345987	29.99533345
115.035892536	30.4106771204
114.658247087	30.5479728481
114.263692101	30.6548560458
114.034208924	30.7596855336
113.393399731	31.2724788534
113.108739643	31.479031116
112.798394674	31.671641549
112.110983034	31.9415186084
111.782732151	32.0654025491
111.523955259	32.1903272995
111.410740887	32.242013739
111.307946079	32.3873375781
111.197463123	32.4656538986
110.896598323	32.6043752586
110.604165908	32.6609108118
110.294799256	32.7361889958
110.177016624	32.7804267799
109.883628304	32.9206904865
109.639669039	33.0173612969
109.259545485	33.1524368563
109.008149933	33.2508411857
108.879604933	33.3209703792
108.567406743	33.3306063625
> -L"fault"
108.323283907	33.3556582883
108.162427941	33.3547789944
107.988548224	33.3745193903
107.617004465	33.3748381049
107.320650844	33.3335388687
106.860925255	33.2372935008
106.414724066	33.1390478957
> -L"fault9-2"
121.497532943	42.6960460344
121.412027147	42.5824716193
121.23717059	42.4449987528
121.128720293	42.3439029159
120.964378053	42.2253751802
120.736955817	42.0735126987
120.619691059	41.986421631
120.329322639	41.7846077998
120.115889188	41.6375509754
> -L"fault9-4"
119.466556354	42.3243057031
119.444168136	42.1588412576
119.366219611	41.9395069134
119.316479142	41.7603627425
119.240407598	41.5180201804
> -L"fault9-6"
118.457310434	42.4052399985
118.175203284	42.2361205484
118.070058093	42.1816087454
117.947869091	42.1315025177
117.671318271	42.0337151077
117.264427522	41.8659918961
117.02357744	41.748362367
116.799847511	41.6193660472
116.714531744	41.5563471997
116.603234487	41.452617226
116.447352358	41.3742395597
116.202721146	41.1445301499
115.891154119	40.9717777755
> -L"fault9-7-2"
107.087631243	42.1268493332
106.987492036	42.0901785409
106.843239445	42.0555913015
106.690944842	42.0414061115
106.47235618	42.0146346833
106.353417778	42.0082653733
106.196047055	41.9646362972
106.030748217	41.9022664103
105.86284442	41.8334287733
105.703624972	41.7520127675
105.506097981	41.6554620835
105.270472523	41.5398064623
104.983543817	41.489886297
104.646129864	41.4268379243
104.134775463	41.3629402136
102.834166011	41.162553521
102.259030289	41.0675483605
101.710670932	40.9310546892
101.259042043	40.8223712343
100.706145792	40.6664664094
100.002357671	40.4686908554
> -L"fault10-1"
116.36297126	42.1301830075
116.053247964	41.5723674907
115.94458706	41.395891991
115.932099656	41.0813648886
115.889711818	40.9614187811
115.76013723	40.7064542166
115.559346031	40.4329545936
115.452855346	40.1568591111
115.364217021	39.9762010448
115.199492786	39.7980244015
115.040723881	39.6030184482
114.680857262	39.1439098321
114.621139212	39.0529177059
> -L"fault10-2"
115.812013398	40.8236459259
115.62464897	40.858246253
115.344500212	40.9270755333
115.180109094	40.9558975164
114.890613142	40.984235291
114.774986362	40.9666754821
114.498225249	40.8854444471
114.391463146	40.8757947058
114.186381849	40.8074356891
113.867938149	40.6817845165
113.762972062	40.656796776
113.61280832	40.6364273692
113.406844552	40.5828360769
113.167720748	40.5682398432
112.824942851	40.4832906538
112.603916157	40.4436803231
112.249903516	40.3334912038
111.864080606	40.1268570935
111.576241448	39.9035027927
111.316953002	39.5410805662
111.229008282	39.3845404422
111.146975102	39.1471999399
111.053711506	38.7933018257
111.051825244	38.583305499
111.082450832	38.4218914256
111.087193338	38.1926340576
111.152892888	37.9957863184
111.126737329	37.7675778152
111.075566824	37.5554449822
110.999483953	37.4074448081
111.004481409	37.3553904352
111.084940517	37.2552436698
111.05963055	37.1193518909
111.029121303	36.9872745145
111.053820949	36.8511810173
111.10329632	36.7426796463
111.196155896	36.3091010066
> -L"fault11"
120.679796452	42.2753126226
120.442681724	42.1613705258
120.261061535	42.0604269259
120.11524654	41.9126023327
119.959696296	41.7100180049
119.222126165	41.5057376093
118.895344206	41.3953541179
118.698942332	41.3159444232
117.839965378	41.2402194294
117.899421446	41.144582546
117.796668125	41.1455804931
117.440994462	41.0251428321
116.923811457	40.8547754474
116.7045661	40.7753898216
116.567661124	40.6559473394
116.534136998	40.5565817457
116.374789344	40.4742882567
116.301801191	40.4292669494
116.115304718	40.265405372
115.658021376	40.042073707
115.523821287	39.9828743115
115.423814496	39.8870945222
115.255918278	39.6504361849
115.139102356	39.4474590663
115.047899397	39.2464796656
114.869469838	39.0333121749
114.695452494	38.8972076005
114.604647793	38.807308674
114.28010545	38.4430915508
114.034217235	38.1614410403
113.990878692	37.7182126322
113.955225195	37.5072781318
113.841286719	37.3208290399
113.729390595	37.1920695035
113.549563075	36.9993152665
113.440414264	36.775875065
113.37698653	36.5929132563
113.292533556	36.3145512801
113.20177392	36.1741793575
113.108202333	36.0676066024
113.014699421	35.9547265814
112.908945656	35.7801569589
112.813177642	35.6204737733
112.7405988	35.4747399993
112.639679471	35.2366379284
112.580054462	34.94857054
112.525236836	34.7698211444
112.444388666	34.5971468179
112.375168993	34.433611758
112.305929912	34.2541142094
> -L"fault13"
105.72873812	36.3552901463
105.645695143	36.3652786753
105.565328491	36.4193172003
105.474443736	36.4640042992
105.371582829	36.5214969928
105.277445507	36.6102320646
105.20302659	36.6511346636
105.130912404	36.7362804867
104.933794653	36.8069690961
104.743826988	36.8503455405
104.432087956	36.9599171926
104.152419272	37.049207739
103.831652729	37.1095177466
103.620292818	37.128516101
103.355623893	37.1808141218
103.14118192	37.2325831859
102.962647715	37.2707604026
102.839556486	37.293749363
102.651596685	37.3463598737
102.365170991	37.3821586892
102.235983876	37.3937083073
102.077473945	37.4377405963
101.926450716	37.5052498302
101.704047631	37.5907592696
101.470069246	37.7012010378
101.11933293	37.849205921
100.707166085	38.0257806387
100.428357625	38.1301206495
100.279240499	38.200011333
100.005694117	38.3745402978
> -L"fault_blind"
104.089816155	38.3917981452
104.412844945	38.6829442795
104.840783826	39.0824249714
105.113665716	39.3837905857
105.254776146	39.5596033464
105.520721677	39.7730866017
105.754360815	39.9938515355
106.081975704	40.3072185039
106.461763284	40.7220225595
106.709161615	40.929620969
107.05604873	41.1113633113
107.529812112	41.3291295833
107.888384646	41.4720825441
108.294136476	41.6126394397
108.555858333	41.7113842726
108.648246689	41.7468092635
> -L"fault15-2"
108.199240716	41.9097068668
108.447269644	41.8293969804
108.612190366	41.7626228041
108.729511988	41.723415866
108.761300569	41.7188800828
108.943189975	41.6312144141
109.018601992	41.5752327643
109.114663605	41.519548364
109.208092329	41.4350385116
109.304038497	41.3740315689
109.360481482	41.3488623698
> -L"fault15-3"
108.461498899	41.8271147511
108.741637654	41.9459119122
109.085063002	42.0835085623
109.09991162	42.0903456515
> -L"fault16-2"
107.121155254	36.9081721525
106.877517373	37.2419361134
106.483347314	37.7067318041
106.020855433	38.3791247944
> -L"fault17-2"
106.282517492	38.5516419609
106.496731731	38.7746402214
106.717890208	38.9998736567
106.76399032	39.111017605
106.771730607	39.2157195552
106.77540819	39.3859514209
106.806486323	39.5186415273
106.85367708	39.6365181198
106.874903844	39.7650898663
106.888750684	39.8584661007
106.885545621	39.9048083104
106.924655194	39.9255752993
106.922792651	40.0225307907
106.952997231	40.0973702897
107.191486983	40.1827186054
107.249442654	40.1724078756
107.322942207	40.3026473208
107.3682347	40.3633798191
107.470927008	40.4260586481
107.585392656	40.501435248
107.765567287	40.5787165074
107.878309764	40.6163720841
107.983392959	40.6443789065
108.116217583	40.6917386407
108.294110427	40.7432815825
108.496424622	40.8045170106
108.577747887	40.8220917177
> -L"fault18"
106.411682513	33.1386784379
106.218572389	33.0753803724
106.021059118	32.9750556497
105.763448501	32.8421271404
105.540119963	32.7281646721
105.383709186	32.650932484
105.235030559	32.5563154932
105.106488155	32.466846641
104.953867513	32.3630657693
104.807068397	32.2529654665
> -L"fault19-1"
124.98853176	44.0718044274
124.086385358	44.2313841755
123.603049717	44.2483450327
122.831450543	44.2074209719
121.530069395	43.9882985508
120.432422712	43.7105473493
119.829146633	43.5775911821
118.326474034	43.3649086747
117.726115253	43.3097284066
116.323502048	43.3055707303
115.335586308	43.2401761443
114.528417216	43.0934866521
113.454906988	42.9412333238
112.341101969	42.7135245712
111.688223842	42.6286694517
110.550121343	42.3137857017
109.967627497	42.2315668589
109.218562158	42.224267342
108.015679568	42.2301923969
107.686678354	42.2225029899
107.055295025	42.1212712689
106.738919324	42.0728784486
106.106062159	42.0650658617
> -L"fault19-2"
103.035960851	42.0245960157
102.564434766	42.0260483032
102.164460729	42.0067765978
101.839638963	41.948859687
101.220179446	41.7625852606
100.647655489	41.5128843164
100.41528198	41.4216139485
100.233336626	41.3807815387
99.9819200031	41.3827439785
> -L"fault20-1"
124.987628513	47.7135842035
124.513703084	47.34105164
124.020342764	46.9218592975
123.411607604	46.4709692459
122.748427881	46.0908092919
122.194445375	45.8968816769
120.95481652	45.6545397787
120.158737259	45.4382315406
118.539988535	45.046910976
116.707208978	44.61070279
115.490834613	44.2833843835
114.257779677	44.0015703597
113.105532769	43.807390218
111.944512579	43.6731602785
> -L"fault20-2"
101.991720616	42.3208702927
101.000325382	42.3092044001
100.317674625	42.3665993002
99.9832948146	42.4311416259
> -L"fault21"
99.9968090106	40.3576353483
100.098593296	40.3439261989
100.35460324	40.2818442001
100.840370759	40.1081144708
101.435261988	39.9684643805
101.598224768	39.9344093605
101.77568183	39.8914285283
102.143155487	39.8861882151
102.655000601	39.9677472634
103.157164692	40.1313296913
103.863868046	40.3435359659
104.304599216	40.4568559348
104.706955374	40.5406288001
104.992708286	40.5808343525
105.581710532	40.7647258952
106.046432451	40.960999715
106.22006382	41.02141383
> -L"fault22"
107.139265138	42.1207788571
106.737584479	41.6515927805
106.298032364	41.1381294799
105.885846331	40.6188347142
105.066861708	39.6121006601
104.618788301	39.1799293644

