ProfileDist(km) ClickedDepth(km) OriginalX(km)   OriginalY(km)   MohoDepth(km)   Longitude(deg)  Latitude(deg)  
226.932         44.295          145.735         149.478         46.000          96.224980       39.653003      
402.565         49.320          291.083         53.380          54.000          95.579440       41.128923      
433.047         56.229          317.696         35.784          55.500          95.458228       41.399162      
445.385         56.857          327.932         29.017          61.000          95.411348       41.503100      
426.515         56.438          311.555         39.845          56.000          95.486287       41.336799      
417.080         54.135          303.366         45.259          56.000          95.523617       41.253649      
404.742         51.204          293.130         52.026          56.000          95.570151       41.149711      
393.130         49.529          284.942         57.440          54.000          95.607275       41.066560      
376.438         53.926          270.612         66.915          51.000          95.672024       40.921047      
358.294         54.135          254.234         77.743          49.500          95.745688       40.754746      
344.505         54.345          243.999         84.510          50.000          95.791548       40.650808      
332.167         57.276          233.763         91.278          52.500          95.837270       40.546870      
320.555         60.835          223.527         98.045          56.000          95.882857       40.442932      
301.685         61.463          207.150         108.873         56.500          95.955515       40.276631      
284.993         58.113          192.819         118.348         53.500          96.018811       40.131118      
265.397         56.229          178.489         127.822         54.500          96.081848       39.985605      
239.996         58.113          155.970         142.711         58.000          96.180393       39.756941      
218.223         59.370          138.587         152.828         62.500          96.240572       39.583412      
194.273         59.998          118.453         138.616         55.000          96.019061       39.438852      
165.968         58.532          95.300          122.273         57.000          95.765473       39.272607      
138.390         57.904          73.153          106.640         60.000          95.524047       39.113591      
108.634         57.904          48.993          89.586          58.000          95.261925       38.940118      
85.409          58.532          35.865          70.984          57.000          95.015817       38.866159      
75.975          58.741          33.048          62.533          56.000          94.913277       38.859992      
65.814          57.066          29.605          52.204          57.500          94.787973       38.852456      
49.847          55.810          24.597          37.180          58.000          94.605762       38.841493      
35.332          57.485          20.215          24.034          55.500          94.446373       38.831901      
7.028           58.323          11.138          -3.196          62.000          94.116346       38.812031      
